{
 "cells": [
  {
   "cell_type": "code",
   "execution_count": 1,
   "metadata": {},
   "outputs": [],
   "source": [
    "import pandas as pd\n",
    "import numpy as np\n"
   ]
  },
  {
   "cell_type": "code",
   "execution_count": 2,
   "metadata": {},
   "outputs": [
    {
     "data": {
      "text/html": [
       "<div>\n",
       "<style scoped>\n",
       "    .dataframe tbody tr th:only-of-type {\n",
       "        vertical-align: middle;\n",
       "    }\n",
       "\n",
       "    .dataframe tbody tr th {\n",
       "        vertical-align: top;\n",
       "    }\n",
       "\n",
       "    .dataframe thead th {\n",
       "        text-align: right;\n",
       "    }\n",
       "</style>\n",
       "<table border=\"1\" class=\"dataframe\">\n",
       "  <thead>\n",
       "    <tr style=\"text-align: right;\">\n",
       "      <th></th>\n",
       "      <th>sl_no</th>\n",
       "      <th>ssc_p</th>\n",
       "      <th>hsc_p</th>\n",
       "      <th>degree_p</th>\n",
       "      <th>etest_p</th>\n",
       "      <th>mba_p</th>\n",
       "      <th>salary</th>\n",
       "      <th>gender</th>\n",
       "      <th>ssc_b</th>\n",
       "      <th>hsc_b</th>\n",
       "      <th>hsc_s</th>\n",
       "      <th>degree_t</th>\n",
       "      <th>workex</th>\n",
       "      <th>specialisation</th>\n",
       "      <th>status</th>\n",
       "    </tr>\n",
       "  </thead>\n",
       "  <tbody>\n",
       "    <tr>\n",
       "      <th>0</th>\n",
       "      <td>1</td>\n",
       "      <td>67.00</td>\n",
       "      <td>91.00</td>\n",
       "      <td>58.00</td>\n",
       "      <td>55.0</td>\n",
       "      <td>58.80</td>\n",
       "      <td>270000.0</td>\n",
       "      <td>M</td>\n",
       "      <td>Others</td>\n",
       "      <td>Others</td>\n",
       "      <td>Commerce</td>\n",
       "      <td>Sci&amp;Tech</td>\n",
       "      <td>No</td>\n",
       "      <td>Mkt&amp;HR</td>\n",
       "      <td>Placed</td>\n",
       "    </tr>\n",
       "    <tr>\n",
       "      <th>1</th>\n",
       "      <td>2</td>\n",
       "      <td>79.33</td>\n",
       "      <td>78.33</td>\n",
       "      <td>77.48</td>\n",
       "      <td>86.5</td>\n",
       "      <td>66.28</td>\n",
       "      <td>200000.0</td>\n",
       "      <td>M</td>\n",
       "      <td>Central</td>\n",
       "      <td>Others</td>\n",
       "      <td>Science</td>\n",
       "      <td>Sci&amp;Tech</td>\n",
       "      <td>Yes</td>\n",
       "      <td>Mkt&amp;Fin</td>\n",
       "      <td>Placed</td>\n",
       "    </tr>\n",
       "    <tr>\n",
       "      <th>2</th>\n",
       "      <td>3</td>\n",
       "      <td>65.00</td>\n",
       "      <td>68.00</td>\n",
       "      <td>64.00</td>\n",
       "      <td>75.0</td>\n",
       "      <td>57.80</td>\n",
       "      <td>250000.0</td>\n",
       "      <td>M</td>\n",
       "      <td>Central</td>\n",
       "      <td>Central</td>\n",
       "      <td>Arts</td>\n",
       "      <td>Comm&amp;Mgmt</td>\n",
       "      <td>No</td>\n",
       "      <td>Mkt&amp;Fin</td>\n",
       "      <td>Placed</td>\n",
       "    </tr>\n",
       "    <tr>\n",
       "      <th>3</th>\n",
       "      <td>4</td>\n",
       "      <td>56.00</td>\n",
       "      <td>52.00</td>\n",
       "      <td>52.00</td>\n",
       "      <td>66.0</td>\n",
       "      <td>59.43</td>\n",
       "      <td>0.0</td>\n",
       "      <td>M</td>\n",
       "      <td>Central</td>\n",
       "      <td>Central</td>\n",
       "      <td>Science</td>\n",
       "      <td>Sci&amp;Tech</td>\n",
       "      <td>No</td>\n",
       "      <td>Mkt&amp;HR</td>\n",
       "      <td>Not Placed</td>\n",
       "    </tr>\n",
       "    <tr>\n",
       "      <th>4</th>\n",
       "      <td>5</td>\n",
       "      <td>85.80</td>\n",
       "      <td>73.60</td>\n",
       "      <td>73.30</td>\n",
       "      <td>96.8</td>\n",
       "      <td>55.50</td>\n",
       "      <td>425000.0</td>\n",
       "      <td>M</td>\n",
       "      <td>Central</td>\n",
       "      <td>Central</td>\n",
       "      <td>Commerce</td>\n",
       "      <td>Comm&amp;Mgmt</td>\n",
       "      <td>No</td>\n",
       "      <td>Mkt&amp;Fin</td>\n",
       "      <td>Placed</td>\n",
       "    </tr>\n",
       "    <tr>\n",
       "      <th>...</th>\n",
       "      <td>...</td>\n",
       "      <td>...</td>\n",
       "      <td>...</td>\n",
       "      <td>...</td>\n",
       "      <td>...</td>\n",
       "      <td>...</td>\n",
       "      <td>...</td>\n",
       "      <td>...</td>\n",
       "      <td>...</td>\n",
       "      <td>...</td>\n",
       "      <td>...</td>\n",
       "      <td>...</td>\n",
       "      <td>...</td>\n",
       "      <td>...</td>\n",
       "      <td>...</td>\n",
       "    </tr>\n",
       "    <tr>\n",
       "      <th>210</th>\n",
       "      <td>211</td>\n",
       "      <td>80.60</td>\n",
       "      <td>82.00</td>\n",
       "      <td>77.60</td>\n",
       "      <td>91.0</td>\n",
       "      <td>74.49</td>\n",
       "      <td>400000.0</td>\n",
       "      <td>M</td>\n",
       "      <td>Others</td>\n",
       "      <td>Others</td>\n",
       "      <td>Commerce</td>\n",
       "      <td>Comm&amp;Mgmt</td>\n",
       "      <td>No</td>\n",
       "      <td>Mkt&amp;Fin</td>\n",
       "      <td>Placed</td>\n",
       "    </tr>\n",
       "    <tr>\n",
       "      <th>211</th>\n",
       "      <td>212</td>\n",
       "      <td>58.00</td>\n",
       "      <td>60.00</td>\n",
       "      <td>72.00</td>\n",
       "      <td>74.0</td>\n",
       "      <td>53.62</td>\n",
       "      <td>275000.0</td>\n",
       "      <td>M</td>\n",
       "      <td>Others</td>\n",
       "      <td>Others</td>\n",
       "      <td>Science</td>\n",
       "      <td>Sci&amp;Tech</td>\n",
       "      <td>No</td>\n",
       "      <td>Mkt&amp;Fin</td>\n",
       "      <td>Placed</td>\n",
       "    </tr>\n",
       "    <tr>\n",
       "      <th>212</th>\n",
       "      <td>213</td>\n",
       "      <td>67.00</td>\n",
       "      <td>67.00</td>\n",
       "      <td>73.00</td>\n",
       "      <td>59.0</td>\n",
       "      <td>69.72</td>\n",
       "      <td>295000.0</td>\n",
       "      <td>M</td>\n",
       "      <td>Others</td>\n",
       "      <td>Others</td>\n",
       "      <td>Commerce</td>\n",
       "      <td>Comm&amp;Mgmt</td>\n",
       "      <td>Yes</td>\n",
       "      <td>Mkt&amp;Fin</td>\n",
       "      <td>Placed</td>\n",
       "    </tr>\n",
       "    <tr>\n",
       "      <th>213</th>\n",
       "      <td>214</td>\n",
       "      <td>74.00</td>\n",
       "      <td>66.00</td>\n",
       "      <td>58.00</td>\n",
       "      <td>70.0</td>\n",
       "      <td>60.23</td>\n",
       "      <td>204000.0</td>\n",
       "      <td>F</td>\n",
       "      <td>Others</td>\n",
       "      <td>Others</td>\n",
       "      <td>Commerce</td>\n",
       "      <td>Comm&amp;Mgmt</td>\n",
       "      <td>No</td>\n",
       "      <td>Mkt&amp;HR</td>\n",
       "      <td>Placed</td>\n",
       "    </tr>\n",
       "    <tr>\n",
       "      <th>214</th>\n",
       "      <td>215</td>\n",
       "      <td>62.00</td>\n",
       "      <td>58.00</td>\n",
       "      <td>53.00</td>\n",
       "      <td>89.0</td>\n",
       "      <td>60.22</td>\n",
       "      <td>0.0</td>\n",
       "      <td>M</td>\n",
       "      <td>Central</td>\n",
       "      <td>Others</td>\n",
       "      <td>Science</td>\n",
       "      <td>Comm&amp;Mgmt</td>\n",
       "      <td>No</td>\n",
       "      <td>Mkt&amp;HR</td>\n",
       "      <td>Not Placed</td>\n",
       "    </tr>\n",
       "  </tbody>\n",
       "</table>\n",
       "<p>215 rows × 15 columns</p>\n",
       "</div>"
      ],
      "text/plain": [
       "     sl_no  ssc_p  hsc_p  degree_p  etest_p  mba_p    salary gender    ssc_b  \\\n",
       "0        1  67.00  91.00     58.00     55.0  58.80  270000.0      M   Others   \n",
       "1        2  79.33  78.33     77.48     86.5  66.28  200000.0      M  Central   \n",
       "2        3  65.00  68.00     64.00     75.0  57.80  250000.0      M  Central   \n",
       "3        4  56.00  52.00     52.00     66.0  59.43       0.0      M  Central   \n",
       "4        5  85.80  73.60     73.30     96.8  55.50  425000.0      M  Central   \n",
       "..     ...    ...    ...       ...      ...    ...       ...    ...      ...   \n",
       "210    211  80.60  82.00     77.60     91.0  74.49  400000.0      M   Others   \n",
       "211    212  58.00  60.00     72.00     74.0  53.62  275000.0      M   Others   \n",
       "212    213  67.00  67.00     73.00     59.0  69.72  295000.0      M   Others   \n",
       "213    214  74.00  66.00     58.00     70.0  60.23  204000.0      F   Others   \n",
       "214    215  62.00  58.00     53.00     89.0  60.22       0.0      M  Central   \n",
       "\n",
       "       hsc_b     hsc_s   degree_t workex specialisation      status  \n",
       "0     Others  Commerce   Sci&Tech     No         Mkt&HR      Placed  \n",
       "1     Others   Science   Sci&Tech    Yes        Mkt&Fin      Placed  \n",
       "2    Central      Arts  Comm&Mgmt     No        Mkt&Fin      Placed  \n",
       "3    Central   Science   Sci&Tech     No         Mkt&HR  Not Placed  \n",
       "4    Central  Commerce  Comm&Mgmt     No        Mkt&Fin      Placed  \n",
       "..       ...       ...        ...    ...            ...         ...  \n",
       "210   Others  Commerce  Comm&Mgmt     No        Mkt&Fin      Placed  \n",
       "211   Others   Science   Sci&Tech     No        Mkt&Fin      Placed  \n",
       "212   Others  Commerce  Comm&Mgmt    Yes        Mkt&Fin      Placed  \n",
       "213   Others  Commerce  Comm&Mgmt     No         Mkt&HR      Placed  \n",
       "214   Others   Science  Comm&Mgmt     No         Mkt&HR  Not Placed  \n",
       "\n",
       "[215 rows x 15 columns]"
      ]
     },
     "execution_count": 2,
     "metadata": {},
     "output_type": "execute_result"
    }
   ],
   "source": [
    "dataset=pd.read_csv(\"preplacement.csv\")\n",
    "dataset"
   ]
  },
  {
   "cell_type": "code",
   "execution_count": 3,
   "metadata": {},
   "outputs": [],
   "source": [
    "dataset.drop(1, inplace=True)\n"
   ]
  },
  {
   "cell_type": "code",
   "execution_count": 4,
   "metadata": {},
   "outputs": [
    {
     "data": {
      "text/plain": [
       "sl_no             0\n",
       "ssc_p             0\n",
       "hsc_p             0\n",
       "degree_p          0\n",
       "etest_p           0\n",
       "mba_p             0\n",
       "salary            0\n",
       "gender            0\n",
       "ssc_b             0\n",
       "hsc_b             0\n",
       "hsc_s             0\n",
       "degree_t          0\n",
       "workex            0\n",
       "specialisation    0\n",
       "status            0\n",
       "dtype: int64"
      ]
     },
     "execution_count": 4,
     "metadata": {},
     "output_type": "execute_result"
    }
   ],
   "source": [
    "dataset.isnull().sum()"
   ]
  },
  {
   "cell_type": "markdown",
   "metadata": {},
   "source": [
    "#Covariance"
   ]
  },
  {
   "cell_type": "code",
   "execution_count": 5,
   "metadata": {},
   "outputs": [
    {
     "data": {
      "text/html": [
       "<div>\n",
       "<style scoped>\n",
       "    .dataframe tbody tr th:only-of-type {\n",
       "        vertical-align: middle;\n",
       "    }\n",
       "\n",
       "    .dataframe tbody tr th {\n",
       "        vertical-align: top;\n",
       "    }\n",
       "\n",
       "    .dataframe thead th {\n",
       "        text-align: right;\n",
       "    }\n",
       "</style>\n",
       "<table border=\"1\" class=\"dataframe\">\n",
       "  <thead>\n",
       "    <tr style=\"text-align: right;\">\n",
       "      <th></th>\n",
       "      <th>sl_no</th>\n",
       "      <th>ssc_p</th>\n",
       "      <th>hsc_p</th>\n",
       "      <th>degree_p</th>\n",
       "      <th>etest_p</th>\n",
       "      <th>mba_p</th>\n",
       "      <th>salary</th>\n",
       "    </tr>\n",
       "  </thead>\n",
       "  <tbody>\n",
       "    <tr>\n",
       "      <th>sl_no</th>\n",
       "      <td>3835.171340</td>\n",
       "      <td>-46.875459</td>\n",
       "      <td>-52.380671</td>\n",
       "      <td>-35.048717</td>\n",
       "      <td>60.002316</td>\n",
       "      <td>10.141195</td>\n",
       "      <td>2.525444e+04</td>\n",
       "    </tr>\n",
       "    <tr>\n",
       "      <th>ssc_p</th>\n",
       "      <td>-46.875459</td>\n",
       "      <td>117.096514</td>\n",
       "      <td>59.951157</td>\n",
       "      <td>42.468308</td>\n",
       "      <td>37.019195</td>\n",
       "      <td>24.424134</td>\n",
       "      <td>9.059149e+05</td>\n",
       "    </tr>\n",
       "    <tr>\n",
       "      <th>hsc_p</th>\n",
       "      <td>-52.380671</td>\n",
       "      <td>59.951157</td>\n",
       "      <td>118.634387</td>\n",
       "      <td>34.354629</td>\n",
       "      <td>34.813352</td>\n",
       "      <td>22.435294</td>\n",
       "      <td>7.668702e+05</td>\n",
       "    </tr>\n",
       "    <tr>\n",
       "      <th>degree_p</th>\n",
       "      <td>-35.048717</td>\n",
       "      <td>42.468308</td>\n",
       "      <td>34.354629</td>\n",
       "      <td>53.823151</td>\n",
       "      <td>21.277857</td>\n",
       "      <td>17.143404</td>\n",
       "      <td>4.672472e+05</td>\n",
       "    </tr>\n",
       "    <tr>\n",
       "      <th>etest_p</th>\n",
       "      <td>60.002316</td>\n",
       "      <td>37.019195</td>\n",
       "      <td>34.813352</td>\n",
       "      <td>21.277857</td>\n",
       "      <td>176.100493</td>\n",
       "      <td>16.694456</td>\n",
       "      <td>3.859502e+05</td>\n",
       "    </tr>\n",
       "    <tr>\n",
       "      <th>mba_p</th>\n",
       "      <td>10.141195</td>\n",
       "      <td>24.424134</td>\n",
       "      <td>22.435294</td>\n",
       "      <td>17.143404</td>\n",
       "      <td>16.694456</td>\n",
       "      <td>34.112596</td>\n",
       "      <td>1.268137e+05</td>\n",
       "    </tr>\n",
       "    <tr>\n",
       "      <th>salary</th>\n",
       "      <td>25254.442543</td>\n",
       "      <td>905914.872099</td>\n",
       "      <td>766870.195691</td>\n",
       "      <td>467247.218858</td>\n",
       "      <td>385950.200079</td>\n",
       "      <td>126813.692905</td>\n",
       "      <td>2.406960e+10</td>\n",
       "    </tr>\n",
       "  </tbody>\n",
       "</table>\n",
       "</div>"
      ],
      "text/plain": [
       "                 sl_no          ssc_p          hsc_p       degree_p  \\\n",
       "sl_no      3835.171340     -46.875459     -52.380671     -35.048717   \n",
       "ssc_p       -46.875459     117.096514      59.951157      42.468308   \n",
       "hsc_p       -52.380671      59.951157     118.634387      34.354629   \n",
       "degree_p    -35.048717      42.468308      34.354629      53.823151   \n",
       "etest_p      60.002316      37.019195      34.813352      21.277857   \n",
       "mba_p        10.141195      24.424134      22.435294      17.143404   \n",
       "salary    25254.442543  905914.872099  766870.195691  467247.218858   \n",
       "\n",
       "                etest_p          mba_p        salary  \n",
       "sl_no         60.002316      10.141195  2.525444e+04  \n",
       "ssc_p         37.019195      24.424134  9.059149e+05  \n",
       "hsc_p         34.813352      22.435294  7.668702e+05  \n",
       "degree_p      21.277857      17.143404  4.672472e+05  \n",
       "etest_p      176.100493      16.694456  3.859502e+05  \n",
       "mba_p         16.694456      34.112596  1.268137e+05  \n",
       "salary    385950.200079  126813.692905  2.406960e+10  "
      ]
     },
     "execution_count": 5,
     "metadata": {},
     "output_type": "execute_result"
    }
   ],
   "source": [
    "dataset.cov()"
   ]
  },
  {
   "cell_type": "code",
   "execution_count": 6,
   "metadata": {},
   "outputs": [],
   "source": [
    "#Covariance difference\n",
    "#  entrance & MBA is 16.694456 its positive variance"
   ]
  },
  {
   "cell_type": "markdown",
   "metadata": {},
   "source": [
    "#Correlation"
   ]
  },
  {
   "cell_type": "code",
   "execution_count": 7,
   "metadata": {},
   "outputs": [
    {
     "data": {
      "text/html": [
       "<div>\n",
       "<style scoped>\n",
       "    .dataframe tbody tr th:only-of-type {\n",
       "        vertical-align: middle;\n",
       "    }\n",
       "\n",
       "    .dataframe tbody tr th {\n",
       "        vertical-align: top;\n",
       "    }\n",
       "\n",
       "    .dataframe thead th {\n",
       "        text-align: right;\n",
       "    }\n",
       "</style>\n",
       "<table border=\"1\" class=\"dataframe\">\n",
       "  <thead>\n",
       "    <tr style=\"text-align: right;\">\n",
       "      <th></th>\n",
       "      <th>sl_no</th>\n",
       "      <th>ssc_p</th>\n",
       "      <th>hsc_p</th>\n",
       "      <th>degree_p</th>\n",
       "      <th>etest_p</th>\n",
       "      <th>mba_p</th>\n",
       "      <th>salary</th>\n",
       "    </tr>\n",
       "  </thead>\n",
       "  <tbody>\n",
       "    <tr>\n",
       "      <th>sl_no</th>\n",
       "      <td>1.000000</td>\n",
       "      <td>-0.069949</td>\n",
       "      <td>-0.077656</td>\n",
       "      <td>-0.077143</td>\n",
       "      <td>0.073012</td>\n",
       "      <td>0.028038</td>\n",
       "      <td>0.002629</td>\n",
       "    </tr>\n",
       "    <tr>\n",
       "      <th>ssc_p</th>\n",
       "      <td>-0.069949</td>\n",
       "      <td>1.000000</td>\n",
       "      <td>0.508651</td>\n",
       "      <td>0.534944</td>\n",
       "      <td>0.257795</td>\n",
       "      <td>0.386447</td>\n",
       "      <td>0.539611</td>\n",
       "    </tr>\n",
       "    <tr>\n",
       "      <th>hsc_p</th>\n",
       "      <td>-0.077656</td>\n",
       "      <td>0.508651</td>\n",
       "      <td>1.000000</td>\n",
       "      <td>0.429928</td>\n",
       "      <td>0.240858</td>\n",
       "      <td>0.352670</td>\n",
       "      <td>0.453818</td>\n",
       "    </tr>\n",
       "    <tr>\n",
       "      <th>degree_p</th>\n",
       "      <td>-0.077143</td>\n",
       "      <td>0.534944</td>\n",
       "      <td>0.429928</td>\n",
       "      <td>1.000000</td>\n",
       "      <td>0.218556</td>\n",
       "      <td>0.400088</td>\n",
       "      <td>0.410514</td>\n",
       "    </tr>\n",
       "    <tr>\n",
       "      <th>etest_p</th>\n",
       "      <td>0.073012</td>\n",
       "      <td>0.257795</td>\n",
       "      <td>0.240858</td>\n",
       "      <td>0.218556</td>\n",
       "      <td>1.000000</td>\n",
       "      <td>0.215394</td>\n",
       "      <td>0.187463</td>\n",
       "    </tr>\n",
       "    <tr>\n",
       "      <th>mba_p</th>\n",
       "      <td>0.028038</td>\n",
       "      <td>0.386447</td>\n",
       "      <td>0.352670</td>\n",
       "      <td>0.400088</td>\n",
       "      <td>0.215394</td>\n",
       "      <td>1.000000</td>\n",
       "      <td>0.139950</td>\n",
       "    </tr>\n",
       "    <tr>\n",
       "      <th>salary</th>\n",
       "      <td>0.002629</td>\n",
       "      <td>0.539611</td>\n",
       "      <td>0.453818</td>\n",
       "      <td>0.410514</td>\n",
       "      <td>0.187463</td>\n",
       "      <td>0.139950</td>\n",
       "      <td>1.000000</td>\n",
       "    </tr>\n",
       "  </tbody>\n",
       "</table>\n",
       "</div>"
      ],
      "text/plain": [
       "             sl_no     ssc_p     hsc_p  degree_p   etest_p     mba_p    salary\n",
       "sl_no     1.000000 -0.069949 -0.077656 -0.077143  0.073012  0.028038  0.002629\n",
       "ssc_p    -0.069949  1.000000  0.508651  0.534944  0.257795  0.386447  0.539611\n",
       "hsc_p    -0.077656  0.508651  1.000000  0.429928  0.240858  0.352670  0.453818\n",
       "degree_p -0.077143  0.534944  0.429928  1.000000  0.218556  0.400088  0.410514\n",
       "etest_p   0.073012  0.257795  0.240858  0.218556  1.000000  0.215394  0.187463\n",
       "mba_p     0.028038  0.386447  0.352670  0.400088  0.215394  1.000000  0.139950\n",
       "salary    0.002629  0.539611  0.453818  0.410514  0.187463  0.139950  1.000000"
      ]
     },
     "execution_count": 7,
     "metadata": {},
     "output_type": "execute_result"
    }
   ],
   "source": [
    "dataset.corr()"
   ]
  },
  {
   "cell_type": "code",
   "execution_count": null,
   "metadata": {},
   "outputs": [],
   "source": [
    " #Correlation\n",
    "#correlation between the MBA & Salary is 0.139950 its a positive correlation"
   ]
  },
  {
   "cell_type": "markdown",
   "metadata": {},
   "source": [
    "#Anavo : Analysis of variance"
   ]
  },
  {
   "cell_type": "code",
   "execution_count": 9,
   "metadata": {},
   "outputs": [
    {
     "data": {
      "text/plain": [
       "F_onewayResult(statistic=0.6672590795910781, pvalue=0.5134702021087552)"
      ]
     },
     "execution_count": 9,
     "metadata": {},
     "output_type": "execute_result"
    }
   ],
   "source": [
    "#one way classification\n",
    "import scipy .stats as stats\n",
    "stats.f_oneway(dataset['ssc_p'],dataset['hsc_p'],dataset['degree_p'])"
   ]
  },
  {
   "cell_type": "code",
   "execution_count": null,
   "metadata": {},
   "outputs": [],
   "source": [
    "#p<0.05 \n",
    "#H0 = if p<o.05 h0 is significant difference if not H1 is a significant difference\n"
   ]
  },
  {
   "cell_type": "code",
   "execution_count": 10,
   "metadata": {},
   "outputs": [],
   "source": [
    "from statsmodels.formula.api import ols\n",
    "import statsmodels.api as sm\n",
    "anavo2=ols('salary~mba_p*etest_p',data=dataset).fit()\n",
    "two=sm.stats.anova_lm(anavo2,type=2)"
   ]
  },
  {
   "cell_type": "code",
   "execution_count": 11,
   "metadata": {},
   "outputs": [
    {
     "data": {
      "text/html": [
       "<div>\n",
       "<style scoped>\n",
       "    .dataframe tbody tr th:only-of-type {\n",
       "        vertical-align: middle;\n",
       "    }\n",
       "\n",
       "    .dataframe tbody tr th {\n",
       "        vertical-align: top;\n",
       "    }\n",
       "\n",
       "    .dataframe thead th {\n",
       "        text-align: right;\n",
       "    }\n",
       "</style>\n",
       "<table border=\"1\" class=\"dataframe\">\n",
       "  <thead>\n",
       "    <tr style=\"text-align: right;\">\n",
       "      <th></th>\n",
       "      <th>df</th>\n",
       "      <th>sum_sq</th>\n",
       "      <th>mean_sq</th>\n",
       "      <th>F</th>\n",
       "      <th>PR(&gt;F)</th>\n",
       "    </tr>\n",
       "  </thead>\n",
       "  <tbody>\n",
       "    <tr>\n",
       "      <th>mba_p</th>\n",
       "      <td>1.0</td>\n",
       "      <td>1.004147e+11</td>\n",
       "      <td>1.004147e+11</td>\n",
       "      <td>4.354525</td>\n",
       "      <td>0.038118</td>\n",
       "    </tr>\n",
       "    <tr>\n",
       "      <th>etest_p</th>\n",
       "      <td>1.0</td>\n",
       "      <td>1.330581e+11</td>\n",
       "      <td>1.330581e+11</td>\n",
       "      <td>5.770124</td>\n",
       "      <td>0.017171</td>\n",
       "    </tr>\n",
       "    <tr>\n",
       "      <th>mba_p:etest_p</th>\n",
       "      <td>1.0</td>\n",
       "      <td>5.078555e+10</td>\n",
       "      <td>5.078555e+10</td>\n",
       "      <td>2.202337</td>\n",
       "      <td>0.139301</td>\n",
       "    </tr>\n",
       "    <tr>\n",
       "      <th>Residual</th>\n",
       "      <td>210.0</td>\n",
       "      <td>4.842567e+12</td>\n",
       "      <td>2.305984e+10</td>\n",
       "      <td>NaN</td>\n",
       "      <td>NaN</td>\n",
       "    </tr>\n",
       "  </tbody>\n",
       "</table>\n",
       "</div>"
      ],
      "text/plain": [
       "                  df        sum_sq       mean_sq         F    PR(>F)\n",
       "mba_p            1.0  1.004147e+11  1.004147e+11  4.354525  0.038118\n",
       "etest_p          1.0  1.330581e+11  1.330581e+11  5.770124  0.017171\n",
       "mba_p:etest_p    1.0  5.078555e+10  5.078555e+10  2.202337  0.139301\n",
       "Residual       210.0  4.842567e+12  2.305984e+10       NaN       NaN"
      ]
     },
     "execution_count": 11,
     "metadata": {},
     "output_type": "execute_result"
    }
   ],
   "source": [
    "two"
   ]
  },
  {
   "cell_type": "code",
   "execution_count": null,
   "metadata": {},
   "outputs": [],
   "source": [
    "# In the two way model\n",
    "#salary VS MBA score is 0.038 its below 0.05 so Ho is a significant difference\n"
   ]
  }
 ],
 "metadata": {
  "kernelspec": {
   "display_name": "Python 3",
   "language": "python",
   "name": "python3"
  },
  "language_info": {
   "codemirror_mode": {
    "name": "ipython",
    "version": 3
   },
   "file_extension": ".py",
   "mimetype": "text/x-python",
   "name": "python",
   "nbconvert_exporter": "python",
   "pygments_lexer": "ipython3",
   "version": "3.7.6"
  }
 },
 "nbformat": 4,
 "nbformat_minor": 2
}
